	(1)	(2)	(3)	(4)	(5)	(6)	(7)	(8)	(9)	(10)	(11)	(12)	(13)	(14)	(15)	(16)	(17)	(18)	(19)	(20)	(21)	(22)	(23)	(24)	(25)	(26)	(27)	(28)	(29)	(30)	(31)	(32)	(33)	(34)	(35)	(36)	(37)
VARIABLES	hsgrad 1960	hsgrad 1970	hsgrad 1980	yrsofeduc 1960	yrsofeduc 1970	yrsofeduc 1980	inctot_adj 1960	inctot_adj 1970	inctot_adj 1980	incwage_adj 1960	incwage_adj 1970	incwage_adj 1980	iemp 1960	iemp 1970	iemp 1980	ipoverty 1960	ipoverty 1970	ipoverty 1980	nmedinc_adj 1970	sei 1960	sei 1970	sei 1980	idislimwrk 1970	idislimwrk 1980	idisprevwrk 1970	idisprevwrk 1980	disabduradj 1970	incss_adj 1970	incss_adj 1980	irecss 1960	irecss 1970	irecss 1980	incwelfr_adj 1970	incwelfr_adj 1980	irecwelf 1960	irecwelf 1970	irecwelf 1980
																																					
i1919	-0.017	-0.018	-0.014	-0.154	-0.160	-0.116	-524.814	-1,104.463	-600.096	-768.596	-741.579	-657.681	0.003	-0.005	0.000	0.010	0.010	0.005	-869.961	-0.606	-0.732	-0.818	0.005	0.004	0.003	0.001	0.093	-0.494	-301.301	0.000	0.001	-0.057	14.741	7.405	0.000	0.002	0.001
	(0.005)	(0.003)	(0.003)	(0.038)	(0.022)	(0.020)	(291.089)	(250.205)	(174.147)	(256.730)	(231.679)	(191.066)	(0.004)	(0.002)	(0.002)	(0.005)	(0.002)	(0.002)	(194.281)	(0.259)	(0.156)	(0.136)	(0.002)	(0.002)	(0.001)	(0.002)	(0.027)	(9.634)	(17.720)	(0.000)	(0.001)	(0.002)	(5.665)	(6.764)	(0.000)	(0.001)	(0.001)
	0.001	0.000	0.000	0.000	0.000	0.000	0.071	0.000	0.001	0.003	0.001	0.001	0.489	0.057	0.841	0.046	0.000	0.008	0.000	0.019	0.000	0.000	0.011	0.022	0.023	0.525	0.001	0.959	0.000	.	0.560	0.000	0.009	0.274	.	0.040	0.204
																																					
Observations	115,064	317,342	473,531	115,064	317,342	473,531	115,064	317,342	473,531	93,956	260,980	272,964	115,064	317,342	473,531	115,064	317,342	473,531	105,839	115,064	317,342	473,531	317,342	473,531	317,342	473,531	317,342	317,342	473,531	115,064	317,342	473,531	317,342	473,531	115,064	317,342	473,531
R-squared	0.476	0.010	0.011	0.010	0.010	0.011	0.001	0.004	0.034	0.001	0.004	0.043	0.002	0.004	0.090	0.001	0.001	0.006	0.002	0.001	0.003	0.024	0.001	0.000	0.004	0.011	0.001	0.001	0.261		0.002	0.307	0.000	0.002		0.000	0.003
Robust standard errors in parentheses																																					
